300 150 100
257 185 104
215 210 115
171 209 104
147 216 102
121 222 102
107 238 103
85 230 107
82 227 103
62 226 100
65 204 87
80 224 89
63 226 105
53 230 94
47 248 87
42 222 72
38 230 73
42 194 74
47 207 73
37 207 68
40 200 71
43 242 69
39 221 63
50 199 68
56 218 87
43 252 93
47 230 84
38 220 78
36 216 91
35 230 85
31 244 97
34 240 86
37 215 82
37 260 83
39 244 70
36 222 77
40 230 85
52 221 91
52 203 95
42 237 105
40 231 108
33 234 111
19 237 101
19 227 112
17 227 97
14 206 110
16 204 110
14 218 108
11 207 99
11 210 98
12 203 97
17 214 106
15 249 97
17 234 89
19 235 89
19 186 90
20 209 114
16 219 127
23 223 103
19 225 98
16 195 95
21 217 97
17 232 105
15 199 99
16 218 121
17 200 108
14 218 113
9 251 92
8 254 104
8 240 94
5 250 82
3 246 73
3 241 75
1 235 83
0 225 85
0 202 80
0 198 98
0 201 105
0 185 117
0 195 122
0 187 104
0 231 109
0 215 94
0 208 99
0 208 100
0 192 103
0 219 97
0 225 103
0 194 92
0 209 88
0 227 87
0 216 84
0 210 92
0 184 100
0 217 99
0 190 110
0 208 107
0 231 115
0 214 117
0 220 111
0 198 94
